      0/59     1.33G    0.1124   0.02504         0    0.1375         2       640   0.02532   0.03704  0.001272 0.0003967   0.09829    0.0187         0
      1/59     1.68G   0.09865   0.02268         0    0.1213         2       640   0.04371    0.1111  0.008615  0.001142   0.08712   0.01613         0
      2/59     1.68G    0.0834   0.02162         0     0.105         1       640    0.2798    0.2593    0.1711   0.03344   0.06945    0.0158         0
      3/59     1.68G    0.0704   0.02214         0   0.09254         0       640    0.7585    0.5926    0.5777    0.1667   0.05418   0.01478         0
      4/59     1.68G   0.06278   0.02152         0   0.08431         2       640    0.5959    0.5556    0.4968     0.127    0.0552   0.01349         0
      5/59     1.68G    0.0577   0.02081         0   0.07852         1       640    0.8137    0.6667    0.7467    0.3182   0.04668   0.01186         0
      6/59     1.68G   0.05633   0.01903         0   0.07535         2       640    0.8126    0.6667    0.7265    0.3125   0.04525   0.01022         0
      7/59     1.68G   0.05469   0.01639         0   0.07108         1       640    0.8734    0.7778    0.8829    0.3448   0.04558  0.009972         0
      8/59     1.68G   0.05212   0.01579         0   0.06791         1       640    0.8551    0.6561    0.7832    0.3094   0.04626  0.008912         0
      9/59     1.68G    0.0499   0.01589         0    0.0658         2       640    0.7684    0.7407    0.8193    0.2658   0.05121  0.007425         0
     10/59     1.68G   0.05641   0.01366         0   0.07007         4       640    0.8399    0.7778    0.8011    0.3172   0.05615  0.007303         0
     11/59     1.68G   0.04835   0.01444         0   0.06279         1       640    0.8799    0.8148    0.9257    0.3289    0.0461  0.007111         0
     12/59     1.68G   0.05228   0.01214         0   0.06442         1       640    0.7999    0.8882    0.8824    0.4604   0.04347  0.007057         0
     13/59     1.68G   0.04815   0.01328         0   0.06143         2       640     0.857    0.8881    0.9055    0.3767    0.0423  0.006895         0
     14/59     1.68G   0.04618   0.01211         0   0.05829         1       640    0.8621    0.9258    0.9083    0.3806   0.03984  0.006003         0
     15/59     1.68G   0.05042   0.01202         0   0.06244         1       640    0.9593    0.8889    0.9629    0.4217   0.04012  0.007142         0
     16/59     1.68G   0.04412   0.01263         0   0.05676         2       640    0.8888    0.8878     0.906    0.4172   0.03957  0.006301         0
     17/59     1.68G   0.04581   0.01143         0   0.05723         1       640    0.8926    0.9259    0.9567    0.4144   0.04056  0.005694         0
     18/59     1.68G   0.04706   0.01114         0   0.05821         2       640    0.8613    0.9259    0.9509    0.4275   0.04274  0.005543         0
     19/59     1.68G   0.04492   0.01056         0   0.05547         2       640    0.9286    0.9629    0.9752    0.5107   0.03484  0.005343         0
     20/59     1.68G   0.04105  0.009678         0   0.05073         3       640    0.9622     0.963    0.9734    0.4546   0.03482  0.004792         0
     21/59     1.68G   0.04307  0.009974         0   0.05304         4       640       0.9         1    0.9852     0.516    0.0323  0.004932         0
     22/59     1.68G   0.03735   0.01008         0   0.04743         3       640    0.8273    0.8889    0.8861    0.4376   0.03552  0.004798         0
     23/59     1.68G   0.03813  0.009471         0    0.0476         4       640    0.7998    0.8879    0.8689    0.3342   0.04482  0.004353         0
     24/59     1.68G     0.041  0.009727         0   0.05072         1       640    0.9999     0.963    0.9865    0.5366   0.03022  0.004378         0
     25/59     1.68G    0.0365  0.008968         0   0.04547         2       640    0.9627     0.963     0.984    0.4506   0.03357  0.004397         0
     26/59     1.68G   0.03466  0.008599         0   0.04326         1       640         1     0.963    0.9931     0.513   0.03357  0.004283         0
     27/59     1.68G   0.03534  0.008631         0   0.04397         4       640         1     0.963    0.9736    0.5233   0.03133  0.004181         0
     28/59     1.68G   0.03399  0.008565         0   0.04256         3       640    0.9999     0.963    0.9822    0.5564   0.02844  0.004172         0
     29/59     1.68G   0.03215  0.009197         0   0.04135         4       640    0.9643    0.9999    0.9942    0.5038   0.03284  0.004123         0
     30/59     1.68G   0.03319  0.007902         0   0.04109         2       640    0.9643    0.9999    0.9914    0.5144   0.03248  0.004164         0
     31/59     1.68G   0.03033  0.007856         0   0.03819         1       640    0.9642         1    0.9914    0.6144   0.02655  0.004043         0
     32/59     1.68G   0.03292  0.008402         0   0.04132         2       640    0.9643    0.9999    0.9942    0.5794   0.02904  0.004063         0
     33/59     1.68G   0.03089  0.008264         0   0.03916         1       640    0.9642         1    0.9943    0.6225     0.027    0.0038         0
     34/59     1.68G   0.02921  0.007727         0   0.03694         0       640    0.9643    0.9999    0.9913     0.565   0.03179  0.003855         0
     35/59     1.68G   0.03065  0.007745         0    0.0384         2       640    0.9642         1    0.9889    0.5672   0.03188  0.003889         0
     36/59     1.68G   0.02926  0.007582         0   0.03684         4       640    0.9629     0.963    0.9772    0.5949   0.02742  0.004007         0
     37/59     1.68G   0.02807  0.007729         0    0.0358         2       640    0.9643    0.9998    0.9943    0.5697    0.0304  0.003851         0
     38/59     1.68G   0.02861  0.007779         0   0.03638         4       640         1         1    0.9954    0.5627   0.02853  0.003712         0
     39/59     1.68G   0.02743   0.00738         0   0.03481         1       640    0.9999         1    0.9954    0.5951   0.02695  0.003667         0
     40/59     1.68G   0.02802   0.00701         0   0.03503         3       640         1         1    0.9954    0.5267   0.02859  0.003587         0
     41/59     1.68G   0.02612  0.007162         0   0.03328         2       640         1         1    0.9955    0.6449   0.02502  0.003493         0
     42/59     1.68G   0.02656  0.007325         0   0.03389         1       640         1         1    0.9954    0.6477    0.0249  0.003526         0
     43/59     1.68G   0.02597  0.007213         0   0.03319         1       640         1         1    0.9954    0.6359   0.02513  0.003486         0
     44/59     1.68G   0.02517  0.006862         0   0.03203         3       640         1         1    0.9956    0.6268    0.0249  0.003476         0
     45/59     1.68G   0.02482  0.007107         0   0.03193         1       640    0.9999         1    0.9955    0.6169   0.02582  0.003493         0
     46/59     1.68G   0.02472  0.007128         0   0.03185         3       640         1    0.9999    0.9956       0.6   0.02719  0.003555         0
     47/59     1.68G     0.025  0.007033         0   0.03203         4       640    0.9999         1    0.9956    0.6462   0.02459  0.003539         0
     48/59     1.68G   0.02454  0.006291         0   0.03083         2       640         1         1    0.9956    0.5953   0.02526  0.003538         0
     49/59     1.68G   0.02423  0.007238         0   0.03147         3       640         1         1    0.9957       0.6   0.02617  0.003537         0
     50/59     1.68G   0.02312  0.006927         0   0.03004         1       640         1         1    0.9957    0.6151   0.02534  0.003505         0
     51/59     1.68G   0.02382   0.00699         0   0.03081         3       640         1         1    0.9957    0.6013   0.02738  0.003488         0
     52/59     1.68G   0.02368  0.007082         0   0.03076         3       640         1         1    0.9957    0.6088   0.02624  0.003397         0
     53/59     1.68G   0.02258  0.006743         0   0.02933         1       640         1    0.9999    0.9956    0.6083   0.02528  0.003383         0
     54/59     1.68G   0.02407  0.007009         0   0.03108         3       640         1         1    0.9956    0.6001    0.0251  0.003435         0
     55/59     1.68G   0.02331  0.006674         0   0.02998         1       640         1         1    0.9957    0.6111   0.02566   0.00339         0
     56/59     1.68G   0.02302  0.006668         0   0.02968         2       640         1         1    0.9957    0.6104    0.0256  0.003368         0
     57/59     1.68G   0.02381  0.006845         0   0.03066         2       640         1         1    0.9957    0.6383   0.02544  0.003331         0
     58/59     1.68G   0.02282   0.00677         0   0.02959         4       640         1         1    0.9956    0.6277   0.02698  0.003434         0
     59/59     1.68G    0.0223  0.006661         0   0.02896         1       640         1         1    0.9956    0.6188    0.0257  0.003407         0
