      0/19     1.94G   0.06763   0.03434   0.03877    0.1407         5       640    0.2135     0.367    0.1852   0.07069   0.04255   0.01546   0.02577
      1/19     1.93G    0.0534   0.02672   0.02769    0.1078         5       640       0.3    0.6106    0.4682    0.2592   0.03962   0.01145   0.01917
      2/19     1.93G    0.0575   0.02371   0.02376     0.105         7       640    0.4191     0.606    0.5031    0.2137   0.04239   0.01112   0.01722
      3/19     1.93G   0.04848   0.02437   0.02093   0.09377        10       640    0.3616    0.4979    0.3509    0.1608   0.03817   0.01189    0.0159
      4/19     1.93G   0.04096   0.02539   0.02157   0.08792         8       640    0.4117    0.4988    0.4212    0.2393   0.03104   0.01316   0.01529
      5/19     1.93G   0.03846   0.02616   0.02081   0.08543        11       640    0.4748    0.5069    0.4118    0.2329    0.0325   0.01286   0.01655
      6/19     1.93G    0.0364   0.02414   0.01954   0.08008         3       640    0.3837    0.5344    0.4093    0.2444   0.02988   0.01264   0.01532
      7/19     1.93G   0.03455   0.02489   0.01941   0.07885        13       640    0.3976    0.6229    0.4651    0.2747   0.03085   0.01274   0.01621
      8/19     1.93G   0.03344   0.02443   0.01756   0.07542         3       640    0.4185    0.5053    0.4127    0.2436   0.02923   0.01325   0.01579
      9/19     1.93G   0.03212   0.02443   0.01584   0.07239        10       640     0.452    0.6173    0.4922    0.2908    0.0278   0.01266   0.01557
     10/19     1.93G   0.03089    0.0233   0.01502    0.0692         4       640    0.5922    0.4825    0.5141     0.329    0.0284   0.01231   0.01471
     11/19     1.93G   0.03034   0.02296   0.01484   0.06815         4       640    0.6008    0.5488    0.5583    0.3671   0.02777   0.01256   0.01385
     12/19     1.93G   0.02873   0.02163   0.01462   0.06497         5       640    0.5109    0.5635    0.5325    0.3474   0.02745    0.0123   0.01439
     13/19     1.93G   0.02778   0.02205   0.01304   0.06288         7       640    0.6419    0.5977    0.6206    0.3994   0.02804   0.01218   0.01276
     14/19     1.93G   0.02648   0.02063   0.01239    0.0595         7       640    0.5979    0.6318    0.6046    0.3998   0.02646   0.01207   0.01244
     15/19     1.93G   0.02611   0.02093   0.01025   0.05729         2       640    0.6791    0.5772    0.5968    0.3984   0.02611   0.01215   0.01152
     16/19     1.93G   0.02423   0.01917   0.00909   0.05248         1       640    0.6071    0.6325    0.6103    0.4201   0.02591    0.0121   0.01374
     17/19     1.93G   0.02241   0.01887  0.009005   0.05029         5       640     0.614     0.618    0.6027    0.4206    0.0255   0.01206   0.01458
     18/19     1.93G   0.02387   0.01882   0.00901   0.05171         9       640    0.6509    0.5966    0.6171    0.4411   0.02552   0.01182    0.0132
     19/19     1.93G   0.02246    0.0181    0.0084   0.04895        11       640    0.5224    0.6337    0.5758    0.4132   0.02491   0.01182   0.01417
